
                                                                001                                         111
                01                             0         00      10                                         111                         1                        101
                 0           110               01                10                                                                     11                          10
       011       11                            10                 0                                                              01     11                       00
                 11                             1      11110      01                                                               10    0
             11   0      01111100               1      0   1      1  00111001                 000000111       1000                  0    1       0111                  0
  0            11  1            00010           1       01101     100      011    01       011       01     110  10                  0   0      0  1         1      1  0
 0             00   0001100101101100100          010100010001011010000001011010111011100010101101111000111011 01010          101011010   0100110001001111110111011001000
 0            01                                                                                                                               1  000
 101       1000                                                                                                                                11   0
   010001110                                                                                                                                      101